('E4F99C9ABE9861F18BCD38BC63D007A9', 563343.7400000002, 1126597.0, 30.002409379751604)
('664927CDE376A32789BA48BF55DFB7E3', 728229.53, 2220716.0, 19.67553338652939)
('32BB90E8976AAB5298D5DA10FE66F21D', 69.39, 394.0, 10.567005076142133)
('19CA14E7EA6328A42E0EB13D585E4C22', 12.0, 89.0, 8.089887640449438)
('9C9540118D2725A4A63AF71BE096ABB4', 52.5, 420.0, 7.5)
('57B6F6DDF5E2BFE49963D40D467BF6D9', 52.5, 540.0, 5.833333333333333)
('A98459534CC4C59BEC6B2EC0DA5CD64D', 63.64, 742.0, 5.146091644204851)
('28A487C8720CCB65B7D45BD627355020', 69.39, 851.0, 4.8923619271445355)
('062EFBE37FBC32E5563098789A5717D2', 4.55, 64.0, 4.265625)
('AAF096CC775F0904EF06D5E98712E715', 6.5, 93.0, 4.193548387096774)
