(17, 5585615.71, 40940744.63999997, 0.13643170780393515)
(18, 7162713.92, 53506331.6100002, 0.1338666603460684)
(19, 7578937.720000001, 69630850.73000021, 0.10884453716339045)
(21, 4879216.6, 83442481.58000086, 0.05847401117046151)
(2, 1838835.07, 32142315.439999994, 0.05720916632258651)
(16, 4330491.58, 76363175.75999911, 0.056709160362977164)
(22, 4737529.530000001, 92058416.8199995, 0.05146220947144056)
(20, 4993512.46, 99522650.63999961, 0.05017463288897808)
(0, 3343054.75, 71548155.56999974, 0.04672454130182705)
(23, 4193874.32, 91962582.58000019, 0.04560413814337652)
(4, 955459.4, 22299997.339999992, 0.04284571811522917)
(1, 2473428.18, 67879494.13999979, 0.03643851816129648)
(3, 1335458.1500000001, 37465455.96000023, 0.035645052643314794)
(5, 749872.48, 24719812.779999975, 0.030334876994161472)
(15, 126278.15, 80393042.85000032, 0.0015707596767498082)
(6, 11435.64, 66748304.51999981, 0.00017132480116515222)
(10, 3292.3, 32138662.51000005, 0.0001024404795618234)
(7, 2591.0, 31881217.78000003, 8.127042128313574e-05)
(13, 3204.8599999999997, 44256038.83999986, 7.241633196289037e-05)
(11, 3471.12, 49967050.67999979, 6.946817858492053e-05)
(12, 3645.67, 52534470.65000059, 6.939576919482979e-05)
(9, 3659.92, 65840446.38000039, 5.5587715473200876e-05)
(14, 3781.1099999999997, 83761347.93000013, 4.514146552607889e-05)
(8, 2383.83, 57749246.64999998, 4.127898004362972e-05)
